Hesiodus

Hipponax Epigr. 377 sq.

Homerus

Iliad. 11. 44. 44.

SCRIPTORUM.
Homerus
Theog. 22-25. 49. Iliad. Π.
29. 50. 54.
404. 54.
445. 54.
420 sq. 54. IV.
424 εει. 54. VI.
426. 53. VIII.
434. 53.
438. 53. IX
443. 54. XI.
448. 55.
244. 52.
247. 52.
250. 55.
385. 56.
387. 56.
392. 56.
394. 56.
402-3. 56.
427. 57.
447. 57. XII.
450-54, 57. XIII.
459. 57.
484. 57.
1542. 58. XIV.
543. 58. XV.
567. 58. XVI.
585. 58.
590. 59.
624. 59.
635. 60.
656. 60. XVII.
)4⁶· 62. XVIII.
764. 62. [ΧΙΧ.
798. 63.
803-4, 63. XXII.
848. 64. xxm.
859-60. 64 εει. odyss, Ι.
872. 65.
876. 65. Π.
885. 65.
974. 66.
111.
IV.
28 εει. 44. V.
65 εει. 44. VIII.

444. 47. '
455. 48.
484. 45.
620. 23.
303. ·4·2.
506 sq. 45.
44 εει. 45.
69 εει. 46.

. 44. 45.

3. 43.

248. 45.
444 εει. 45.
489. 43.
548. 47.
554. 45.
658. 45.
709. 20 εει.
738 εει. 24.
750. 20.
794. 45.
449 εει. 45.
23 εει. 45.
389 εει. 45.
674-80, 42.
508. 45.
263 εει. 45.
3. 45.

23 εει. 45.
36 εει. 45.
442. 45.
482. 45.
657 εει. 45.
44. 23.
369] 43.
372 εει. 46.
209 εει. 46.

629 sq. 20 sq.

284 εει. 44.
374. 49.
439. 49.
245 εει. 44.
230 sq. 46.
92. 44.
322. 44.
643. εει. 49.
8 εει. 45.
93. 44.

487

